-453024
-454832
-457568
-458848
-459552
-459728
-458672
-456944
-454752
-451728
-447984
-443904
-438752
-433296
-426912
-420096
-412736
-403472
-394400
-385328
-374928
-364416
-352816
-340224
-328960
-316608
-302480
-289072
-275088
-260720
-245392
-229280
-213664
-196896
-180176
-164320
-147264
-130288
-113312
-95536
-78176
-60112
-42096
-24336
-6704
10976
29600
46336
63792
83168
100704
118816
135664
151648
169184
185088
201232
217552
232944
248720
263504
279168
293264
305200
318896
331808
343328
355472
366560
375952
385872
396208
404784
412592
420064
426416
432416
437776
443184
447856
450432
452144
453872
455856
456688
456416
455792
453552
451440
449296
445552
441072
435840
429952
423568
417024
409312
400848
391840
381520
371792
361312
349280
338288
326304
312720
299920
286656
271984
257200
241904
225744
210064
194512
178368
161888
144624
127472
110784
92864
74352
57008
39568
21440
3376
-15056
-32800
-50272
-68576
-86688
-103808
-121136
-138464
-155376
-171904
-188592
-204736
-220528
-236688
-252000
-266816
-281040
-294224
-308576
-322208
-334288
-346592
-357616
-368704
-379696
-389408
-399200
-408016
-415856
-422976
-429616
-435600
-440912
-445760
-450000
-453248
-455920
-457920
-459024
-460032
-459760
-458576
-457520
-455216
-451920
-448432
-443280
-438400
-433520
-426832
-419936
-412688
-404192
-394720
-384960
-374368
-363584
-352560
-340272
-328384
-316160
-302912
-290192
-275744
-260288
-245376
-229440
-213392
-197120
-180240
-163664
-147600
-131040
-113312
-96192
-78656
-60272
-41888
-23792
-6400
12000
29872
46640
64784
82896
100240
118160
135824
152128
168992
186208
201888
217792
234128
249584
263936
278320
293200
305936
317680
331248
344128
354816
365648
376208
385936
395632
404976
413104
420224
427296
433264
438256
443056
447184
450608
453008
455024
456560
456640
456864
456272
453856
451696
449552
446096
441344
436272
430608
424032
416768